 <pre>

 Contingency table for Visibility (m)
 Selection: ALL    104 stations
Period: 20211110-20211114
Used {00,06,12,18} + 00 01 ... 36
 Limits    1000.00000       5000.00000       10000.0000       20000.0000    
 Each class is data <= limit, the very last > last limit
 Total number of values       47898
                                     OBSERVATION
                                     98       94       25       36      129 |       382
                                    400     1270      616     1331     3286 |      6903
                           REF      134      380      263      755     3518 |      5050
                                    218      547      488     2300    16450 |     20003
                                    101      456      826     2210    11967 |     15560

                    SUM             951     2747     2218     6632    35350 |     47898
                                     OBSERVATION
                                     79       89       28       29      154 |       379
                                    459     1259      629     1283     3270 |      6900
       sob12km_dt30min_1sigmao      103      406      274      810     3605 |      5198
                                    211      530      464     2311    16259 |     19775
                                     99      463      823     2199    12062 |     15646

                    SUM             951     2747     2218     6632    35350 |     47898
                                     OBSERVATION
                                     77       85       27       31      140 |       360
                                    445     1283      646     1269     3271 |      6914
       sob12km_dt30min_2sigmao      127      403      252      800     3522 |      5104
                                    196      522      468     2296    16298 |     19780
                                    106      454      825     2236    12119 |     15740

                    SUM             951     2747     2218     6632    35350 |     47898
                                     OBSERVATION
                                     75       95       25       38      137 |       370
                                    441     1284      635     1278     3272 |      6910
       sob12km_dt30min_3sigmao      122      405      247      776     3452 |      5002
                                    207      517      470     2319    16339 |     19852
                                    106      446      841     2221    12150 |     15764

                    SUM             951     2747     2218     6632    35350 |     47898
                                     OBSERVATION
                                     69       95       26       34      142 |       366
                                    451     1286      618     1279     3257 |      6891
       sob12km_dt30min_4sigmao      117      405      266      795     3487 |      5070
                                    208      515      461     2299    16396 |     19879
                                    106      446      847     2225    12068 |     15692

                    SUM             951     2747     2218     6632    35350 |     47898

